"year"|"land"|"abbreviation"|"salary"|"fp_mp_salary_2015"|"staff"|"fp_staffmp_2015"|"commDays"|"fp_com_sessions"|"plenDays"|"fp_plenary_sessions"|"turnover"|"election"
"1"|1990|"Baden-Wurttemberg"|"BW"|3693.4580078125|5626.89208984375|55534.16015625|289533.09375|129|708|17|51|NA|0
"2"|1991|"Baden-Wurttemberg"|"BW"|5104.33251953125|7724.80078125|85514.859375|596092.625|129|804|32|67|NA|0
"3"|1992|"Baden-Wurttemberg"|"BW"|5127.78173828125|7615.1279296875|83797.5390625|578510.8125|141|805|27|61|0.263999998569489|1
"4"|1993|"Baden-Wurttemberg"|"BW"|4906.6953125|7371.4208984375|97228.9375|571562.875|154|805|28|71|NA|0
"5"|1994|"Baden-Wurttemberg"|"BW"|4780.37109375|7181.6416015625|100596.5859375|544859.9375|154|804|19|53|NA|0
"6"|1995|"Baden-Wurttemberg"|"BW"|4875.99560546875|7375.26611328125|91263.2265625|525876.625|154|717|25|68|NA|0
"7"|1996|"Baden-Wurttemberg"|"BW"|5307.7607421875|7592.11328125|70967.515625|535703.25|134|717|25|71|0.315068483352661|1
"8"|1997|"Baden-Wurttemberg"|"BW"|5205.162109375|7618.31494140625|75792.6015625|517189.5625|116|717|21|62|NA|0
"9"|1998|"Baden-Wurttemberg"|"BW"|5261.80078125|7978.732421875|75625.1953125|523400.4375|117|717|24|51|NA|0
"10"|1999|"Baden-Wurttemberg"|"BW"|5375.05322265625|8353.912109375|69582.828125|545691.0625|116|759|26|65|NA|0
"11"|2000|"Baden-Wurttemberg"|"BW"|5423.27734375|8263.859375|65904.4765625|541028.8125|116|759|18|62|NA|0
"12"|2001|"Baden-Wurttemberg"|"BW"|5439.1416015625|8281.046875|77933.28125|532329|106|760|23|69|0.464516133069992|1
"13"|2002|"Baden-Wurttemberg"|"BW"|5516.94921875|8326.876953125|79064.203125|572880.125|96|759|17|60|NA|0
"14"|2003|"Baden-Wurttemberg"|"BW"|5457.48486328125|8394.01171875|77526.1953125|558860.8125|96|664|21|67|NA|0
"15"|2004|"Baden-Wurttemberg"|"BW"|5495.87744140625|8255.5947265625|86220|550106.625|97|664|23|65|NA|0
"16"|2005|"Baden-Wurttemberg"|"BW"|5510.44091796875|8131.09033203125|88471.578125|538589.1875|96|664|18|47|NA|0
"17"|2006|"Baden-Wurttemberg"|"BW"|5486.30126953125|8001.1416015625|80610.859375|545197.3125|106|715|24|65|0.296875|1
"18"|2007|"Baden-Wurttemberg"|"BW"|5445.3125|7822.54443359375|84375|562149.9375|117|715|22|60|NA|0
"19"|2008|"Baden-Wurttemberg"|"BW"|5430.90283203125|7985.85400390625|81648.8046875|563367.25|117|716|27|63|NA|0
"20"|2009|"Baden-Wurttemberg"|"BW"|5558.568359375|8316.703125|81927.7734375|580668.9375|117|715|27|49|NA|0
"21"|2010|"Baden-Wurttemberg"|"BW"|5415.236328125|8227.4677734375|83427.7734375|576511.5|117|754|26|69|NA|0
"22"|2011|"Baden-Wurttemberg"|"BW"|7096.638671875|8054.6220703125|90155.734375|566521.3125|116|754|22|68|0.388489216566086|1
"23"|2012|"Baden-Wurttemberg"|"BW"|7183.31640625|8197.734375|108957.6015625|566666.625|117|754|26|65|NA|0
"24"|2013|"Baden-Wurttemberg"|"BW"|7308.62939453125|8377.6650390625|110341.3515625|560786.1875|117|754|25|44|NA|0
"25"|2014|"Baden-Wurttemberg"|"BW"|7334.67333984375|8502.009765625|135965.328125|568139.4375|117|737.5|27|71|NA|0
"26"|2015|"Baden-Wurttemberg"|"BW"|7448|9082|144031.890625|587290|117|737.5|25|70|NA|0
"27"|2016|"Baden-Wurttemberg"|"BW"|7578.109375|9158.810546875|141976.140625|617533.4375|120|737.5|20|64|0.434782594442368|1
"28"|2017|"Baden-Wurttemberg"|"BW"|7623.529296875|9249.4853515625|166698.875|565313.6875|127|737.5|23|40|NA|0
"29"|2018|"Baden-Wurttemberg"|"BW"|7671.4833984375|9307.3310546875|169940.171875|737850.8125|127|737.5|27|67|NA|0
"30"|2019|"Baden-Wurttemberg"|"BW"|7796.77099609375|9431.970703125|172454.328125|794801.875|127|737.5|26|66|NA|0
"31"|2020|"Baden-Wurttemberg"|"BW"|7770.94189453125|9544.2021484375|201147.078125|803472.0625|63|737.5|10|30|NA|0
"32"|1990|"Bavaria"|"BY"|4946.6591796875|5626.89208984375|NA|289533.09375|299|708|29|51|0.274509817361832|1
"33"|1991|"Bavaria"|"BY"|6479.74658203125|7724.80078125|NA|596092.625|309|804|34|67|NA|0
"34"|1992|"Bavaria"|"BY"|6465.4638671875|7615.1279296875|NA|578510.8125|402|805|36|61|NA|0
"35"|1993|"Bavaria"|"BY"|6186.70263671875|7371.4208984375|NA|571562.875|391|805|36|71|NA|0
"36"|1994|"Bavaria"|"BY"|6027.42431640625|7181.6416015625|NA|544859.9375|346|804|38|53|0.308823525905609|1
"37"|1995|"Bavaria"|"BY"|6529.013671875|7375.26611328125|NA|525876.625|292|717|30|68|NA|0
"38"|1996|"Bavaria"|"BY"|6695.1689453125|7592.11328125|43482.078125|535703.25|338|717|31|71|NA|0
"39"|1997|"Bavaria"|"BY"|6664.58447265625|7618.31494140625|52698.87890625|517189.5625|329|717|29|62|NA|0
"40"|1998|"Bavaria"|"BY"|6691.19775390625|7978.732421875|65574.046875|523400.4375|251|717|22|51|0.181372553110123|1
"41"|1999|"Bavaria"|"BY"|6788.8916015625|8353.912109375|42954.9765625|545691.0625|284|759|25|65|NA|0
"42"|2000|"Bavaria"|"BY"|6876.52392578125|8263.859375|57008.87890625|541028.8125|314|759|23|62|NA|0
"43"|2001|"Bavaria"|"BY"|6897.10791015625|8281.046875|54192.828125|532329|311|760|24|69|NA|0
"44"|2002|"Bavaria"|"BY"|6922.51806640625|8326.876953125|54589.80078125|572880.125|305|759|28|60|NA|0
"45"|2003|"Bavaria"|"BY"|7019.16162109375|8394.01171875|57143.7109375|558860.8125|219|664|23|67|0.35784313082695|1
"46"|2004|"Bavaria"|"BY"|7055.35888671875|8255.5947265625|57748.98828125|550106.625|276|664|25|65|NA|0
"47"|2005|"Bavaria"|"BY"|7067.28564453125|8131.09033203125|57720.41796875|538589.1875|297|664|25|47|NA|0
"48"|2006|"Bavaria"|"BY"|7038.81298828125|8001.1416015625|57750.5078125|545197.3125|318|715|26|65|NA|0
"49"|2007|"Bavaria"|"BY"|6972.09814453125|7822.54443359375|58861.609375|562149.9375|306|715|29|60|NA|0
"50"|2008|"Bavaria"|"BY"|6981.50146484375|7985.85400390625|56089.21484375|563367.25|192|716|27|63|0.388888895511627|1
"51"|2009|"Bavaria"|"BY"|7202.8203125|8316.703125|148721.6875|580668.9375|285|715|29|49|NA|0
"52"|2010|"Bavaria"|"BY"|7133.04736328125|8227.4677734375|150995.515625|576511.5|312|754|26|69|NA|0
"53"|2011|"Bavaria"|"BY"|7227.94140625|8054.6220703125|148281.703125|566521.3125|264|754|28|68|NA|0
"54"|2012|"Bavaria"|"BY"|7270.85498046875|8197.734375|152235.703125|566666.625|299|754|25|65|NA|0
"55"|2013|"Bavaria"|"BY"|7354.31494140625|8377.6650390625|168958.8125|560786.1875|269|754|21|44|0.385026723146439|1
"56"|2014|"Bavaria"|"BY"|7463.31640625|8502.009765625|192008.9375|568139.4375|278|737.5|27|71|NA|0
"57"|2015|"Bavaria"|"BY"|7642|9082|232972.21875|587290|301|737.5|27|70|NA|0
"58"|2016|"Bavaria"|"BY"|7809.9501953125|9158.810546875|237870.640625|617533.4375|315|737.5|30|64|NA|0
"59"|2017|"Bavaria"|"BY"|7864.7060546875|9249.4853515625|235812.640625|565313.6875|288|737.5|28|40|NA|0
"60"|2018|"Bavaria"|"BY"|7883.42919921875|9307.3310546875|219032.375|737850.8125|253|737.5|25|67|0.355555564165115|1
"61"|2019|"Bavaria"|"BY"|8019.94287109375|9431.970703125|257756.46875|794801.875|250|737.5|31|66|NA|0
"62"|2020|"Bavaria"|"BY"|7993.3740234375|9544.2021484375|259111.890625|803472.0625|51|737.5|5|30|NA|0
"63"|1990|"Berlin"|"BE"|2854.4150390625|5626.89208984375|NA|289533.09375|NA|708|28|51|1|1
"64"|1991|"Berlin"|"BE"|3739.06591796875|7724.80078125|NA|596092.625|240|804|20|67|NA|0
"65"|1992|"Berlin"|"BE"|3559.72094726562|7615.1279296875|NA|578510.8125|245|805|21|61|NA|0
"66"|1993|"Berlin"|"BE"|3541.35400390625|7371.4208984375|NA|571562.875|225|805|17|71|NA|0
"67"|1994|"Berlin"|"BE"|3450.18090820312|7181.6416015625|NA|544859.9375|244|804|19|53|NA|0
"68"|1995|"Berlin"|"BE"|3472.1552734375|7375.26611328125|NA|525876.625|147|717|13|68|0.531120359897614|1
"69"|1996|"Berlin"|"BE"|3426.52905273438|7592.11328125|NA|535703.25|261|717|18|71|NA|0
"70"|1997|"Berlin"|"BE"|3360.29467773438|7618.31494140625|NA|517189.5625|202|717|18|62|NA|0
"71"|1998|"Berlin"|"BE"|3370.73901367188|7978.732421875|64986.53125|523400.4375|176|717|18|51|NA|0
"72"|1999|"Berlin"|"BE"|3640.03466796875|8353.912109375|84136.71875|545691.0625|120|759|15|65|0.441747575998306|1
"73"|2000|"Berlin"|"BE"|3589.92163085938|8263.859375|89984.5078125|541028.8125|180|759|18|62|NA|0
"74"|2001|"Berlin"|"BE"|3619.8212890625|8281.046875|113820.109375|532329|137|760|17|69|0.42011833190918|1
"75"|2002|"Berlin"|"BE"|3572.63940429688|8326.876953125|113214.15625|572880.125|175|759|21|60|NA|0
"76"|2003|"Berlin"|"BE"|3534.1318359375|8394.01171875|116486.5625|558860.8125|159|664|19|67|NA|0
"77"|2004|"Berlin"|"BE"|3475.85400390625|8255.5947265625|109950.796875|550106.625|164|664|19|65|NA|0
"78"|2005|"Berlin"|"BE"|3423.43408203125|8131.09033203125|109664.9765625|538589.1875|143|664|17|47|NA|0
"79"|2006|"Berlin"|"BE"|3368.72143554688|8001.1416015625|84028.2265625|545197.3125|126|715|15|65|0.347517728805542|1
"80"|2007|"Berlin"|"BE"|3293.52685546875|7822.54443359375|106362.359375|562149.9375|173|715|18|60|NA|0
"81"|2008|"Berlin"|"BE"|3211.09887695312|7985.85400390625|92254.4921875|563367.25|207|716|17|63|NA|0
"82"|2009|"Berlin"|"BE"|3200.65087890625|8316.703125|92428.921875|580668.9375|164|715|17|49|NA|0
"83"|2010|"Berlin"|"BE"|3468.88427734375|8227.4677734375|96454.9140625|576511.5|181|754|18|69|NA|0
"84"|2011|"Berlin"|"BE"|3475.84033203125|8054.6220703125|100688.765625|566521.3125|110|754|17|68|0.416107386350632|1
"85"|2012|"Berlin"|"BE"|3469.61889648438|8197.734375|100615.84375|566666.625|179|754|17|65|NA|0
"86"|2013|"Berlin"|"BE"|3529.94921875|8377.6650390625|101195.7890625|560786.1875|149|754|18|44|NA|0
"87"|2014|"Berlin"|"BE"|3515.57788085938|8502.009765625|105634.8828125|568139.4375|178|737.5|17|71|NA|0
"88"|2015|"Berlin"|"BE"|3369|9082|107798.65625|587290|154|737.5|16|70|NA|0
"89"|2016|"Berlin"|"BE"|3352.23876953125|9158.810546875|98759.328125|617533.4375|110|737.5|15|64|0.422818779945374|1
"90"|2017|"Berlin"|"BE"|3668.62744140625|9249.4853515625|83983.453125|565313.6875|144|737.5|16|40|NA|0
"91"|2018|"Berlin"|"BE"|3699.421875|9307.3310546875|53266.8203125|737850.8125|182|737.5|16|67|NA|0
"92"|2019|"Berlin"|"BE"|3745.48901367188|9431.970703125|103814.1015625|794801.875|154|737.5|16|66|NA|0
"93"|2020|"Berlin"|"BE"|5915.75927734375|9544.2021484375|69247.515625|803472.0625|106|737.5|7|30|NA|0
"94"|1990|"Brandenburg"|"BB"|1728.14270019531|5626.89208984375|NA|289533.09375|29|708|8|51|1|1
"95"|1991|"Brandenburg"|"BB"|2732.09399414062|7724.80078125|19484.6953125|596092.625|260|804|28|67|NA|0
"96"|1992|"Brandenburg"|"BB"|3622.88916015625|7615.1279296875|49072.6796875|578510.8125|276|805|25|61|NA|0
"97"|1993|"Brandenburg"|"BB"|3761.7998046875|7371.4208984375|57498.5703125|571562.875|259|805|23|71|NA|0
"98"|1994|"Brandenburg"|"BB"|3976.71459960938|7181.6416015625|60550.1875|544859.9375|222|804|21|53|0.465909093618393|1
"99"|1995|"Brandenburg"|"BB"|4241.47607421875|7375.26611328125|61962.23828125|525876.625|260|717|23|68|NA|0
"100"|1996|"Brandenburg"|"BB"|4185.740234375|7592.11328125|62694.69921875|535703.25|241|717|26|71|NA|0
"101"|1997|"Brandenburg"|"BB"|4366.40625|7618.31494140625|62872.50390625|517189.5625|248|717|27|62|NA|0
"102"|1998|"Brandenburg"|"BB"|4627.09375|7978.732421875|63177.39453125|523400.4375|213|717|22|51|NA|0
"103"|1999|"Brandenburg"|"BB"|4915.6689453125|8353.912109375|61215.01953125|545691.0625|144|759|17|65|0.318181812763214|1
"104"|2000|"Brandenburg"|"BB"|4847.994140625|8263.859375|59616.33984375|541028.8125|190|759|23|62|NA|0
"105"|2001|"Brandenburg"|"BB"|5042.0283203125|8281.046875|62516.02734375|532329|197|760|22|69|NA|0
"106"|2002|"Brandenburg"|"BB"|5266.34375|8326.876953125|64005.09765625|572880.125|181|759|19|60|NA|0
"107"|2003|"Brandenburg"|"BB"|5268.263671875|8394.01171875|62108.17578125|558860.8125|217|664|21|67|NA|0
"108"|2004|"Brandenburg"|"BB"|5181.3896484375|8255.5947265625|58972.47265625|550106.625|183|664|19|65|0.382022470235825|1
"109"|2005|"Brandenburg"|"BB"|5103.24853515625|8131.09033203125|63838.4921875|538589.1875|163|664|18|47|NA|0
"110"|2006|"Brandenburg"|"BB"|5021.689453125|8001.1416015625|67201.4375|545197.3125|170|715|19|65|NA|0
"111"|2007|"Brandenburg"|"BB"|4899.77685546875|7822.54443359375|64737.36328125|562149.9375|143|715|19|60|NA|0
"112"|2008|"Brandenburg"|"BB"|4829.6953125|7985.85400390625|69185.1171875|563367.25|141|716|18|63|NA|0
"113"|2009|"Brandenburg"|"BB"|4884.7509765625|8316.703125|73011.15625|580668.9375|103|715|17|49|0.363636374473572|1
"114"|2010|"Brandenburg"|"BB"|4832.33935546875|8227.4677734375|76057.046875|576511.5|175|754|22|69|NA|0
"115"|2011|"Brandenburg"|"BB"|4730.81982421875|8054.6220703125|78070.421875|566521.3125|178|754|21|68|NA|0
"116"|2012|"Brandenburg"|"BB"|4721.74072265625|8197.734375|79777.171875|566666.625|173|754|21|65|NA|0
"117"|2013|"Brandenburg"|"BB"|4803.57373046875|8377.6650390625|81557.9609375|560786.1875|164|754|18|44|NA|0
"118"|2014|"Brandenburg"|"BB"|7547.73876953125|8502.009765625|77124.203125|568139.4375|126|737.5|17|71|0.340909093618393|1
"119"|2015|"Brandenburg"|"BB"|7510|9082|78812.7109375|587290|163|737.5|20|70|NA|0
"120"|2016|"Brandenburg"|"BB"|7472.63671875|9158.810546875|84326.5234375|617533.4375|158|737.5|22|64|NA|0
"121"|2017|"Brandenburg"|"BB"|7362.7451171875|9249.4853515625|89599.5390625|565313.6875|153|737.5|19|40|NA|0
"122"|2018|"Brandenburg"|"BB"|7235.0673828125|9307.3310546875|93737.265625|737850.8125|164|737.5|22|67|NA|0
"123"|2019|"Brandenburg"|"BB"|7566.333984375|9431.970703125|97303.8671875|794801.875|108|737.5|19|66|0.579545438289642|1
"124"|2020|"Brandenburg"|"BB"|8147.66650390625|9544.2021484375|105801.75|803472.0625|20|737.5|14|30|NA|0
"125"|1990|"Bremen"|"HB"|2307.36840820312|5626.89208984375|NA|289533.09375|133|708|24|51|NA|0
"126"|1991|"Bremen"|"HB"|3022.4765625|7724.80078125|NA|596092.625|197|804|18|67|0.280000001192093|1
"127"|1992|"Bremen"|"HB"|3000.12377929688|7615.1279296875|NA|578510.8125|200|805|24|61|NA|0
"128"|1993|"Bremen"|"HB"|2870.77221679688|7371.4208984375|NA|571562.875|190|805|22|71|NA|0
"129"|1994|"Bremen"|"HB"|2880.69311523438|7181.6416015625|NA|544859.9375|187|804|20|53|NA|0
"130"|1995|"Bremen"|"HB"|3034.39135742188|7375.26611328125|NA|525876.625|215|717|18|68|0.349999994039536|1
"131"|1996|"Bremen"|"HB"|2994.517578125|7592.11328125|NA|535703.25|225|717|22|71|NA|0
"132"|1997|"Bremen"|"HB"|2936.63403320312|7618.31494140625|NA|517189.5625|215|717|22|62|NA|0
"133"|1998|"Bremen"|"HB"|2997.88110351562|7978.732421875|NA|523400.4375|215|717|21|51|NA|0
"134"|1999|"Bremen"|"HB"|3023.62939453125|8353.912109375|NA|545691.0625|190|759|16|65|0.400000005960464|1
"135"|2000|"Bremen"|"HB"|3029.99633789062|8263.859375|NA|541028.8125|181|759|21|62|NA|0
"136"|2001|"Bremen"|"HB"|3000.62451171875|8281.046875|34252.98046875|532329|181|760|22|69|NA|0
"137"|2002|"Bremen"|"HB"|3008.474609375|8326.876953125|36608.3671875|572880.125|199|759|19|60|NA|0
"138"|2003|"Bremen"|"HB"|2976.0478515625|8394.01171875|47823.77734375|558860.8125|170|664|17|67|0.340000003576279|1
"139"|2004|"Bremen"|"HB"|2926.97290039062|8255.5947265625|47276.296875|550106.625|164|664|21|65|NA|0
"140"|2005|"Bremen"|"HB"|2882.83081054688|8131.09033203125|51822.91015625|538589.1875|164|664|21|47|NA|0
"141"|2006|"Bremen"|"HB"|2836.75805664062|8001.1416015625|50102.69921875|545197.3125|164|715|21|65|NA|0
"142"|2007|"Bremen"|"HB"|2773.4375|7822.54443359375|47490.44140625|562149.9375|187|715|22|60|0.325301200151443|1
"143"|2008|"Bremen"|"HB"|2704.02612304688|7985.85400390625|46485.875|563367.25|204|716|22|63|NA|0
"144"|2009|"Bremen"|"HB"|2765.72680664062|8316.703125|50142.27734375|580668.9375|204|715|24|49|NA|0
"145"|2010|"Bremen"|"HB"|2736.05151367188|8227.4677734375|59892.65625|576511.5|204|754|20|69|NA|0
"146"|2011|"Bremen"|"HB"|4936.97509765625|8054.6220703125|50029.85546875|566521.3125|187|754|19|68|0.37349396944046|1
"147"|2012|"Bremen"|"HB"|4990.42236328125|8197.734375|51884.09765625|566666.625|172|754|21|65|NA|0
"148"|2013|"Bremen"|"HB"|4919.49267578125|8377.6650390625|57114.62109375|560786.1875|162|754|20|44|NA|0
"149"|2014|"Bremen"|"HB"|4870.05029296875|8502.009765625|56791.06640625|568139.4375|172|737.5|21|71|NA|0
"150"|2015|"Bremen"|"HB"|4884.47021484375|9082|25866.0234375|587290|162|737.5|19|70|0.349397599697113|1
"151"|2016|"Bremen"|"HB"|4894.189453125|9158.810546875|30045.794921875|617533.4375|162|737.5|23|64|NA|0
"152"|2017|"Bremen"|"HB"|4889.7255859375|9249.4853515625|43747.8125|565313.6875|172|737.5|20|40|NA|0
"153"|2018|"Bremen"|"HB"|4901.03076171875|9307.3310546875|42985.46484375|737850.8125|172|737.5|20|67|NA|0
"154"|2019|"Bremen"|"HB"|4894.9853515625|9431.970703125|42058.06640625|794801.875|162|737.5|18|66|0.433734953403473|1
"155"|2020|"Bremen"|"HB"|4878.76953125|9544.2021484375|162711.5625|803472.0625|44|737.5|5|30|NA|0
"156"|1990|"Hamburg"|"HH"|1144.14965820312|5626.89208984375|NA|289533.09375|NA|708|26|51|NA|0
"157"|1991|"Hamburg"|"HH"|1498.74877929688|7724.80078125|NA|596092.625|NA|804|24|67|0.333333343267441|1
"158"|1992|"Hamburg"|"HH"|1426.86096191406|7615.1279296875|NA|578510.8125|NA|805|28|61|NA|0
"159"|1993|"Hamburg"|"HH"|1365.34130859375|7371.4208984375|NA|571562.875|NA|805|23|71|0.388429760932922|1
"160"|1994|"Hamburg"|"HH"|1330.19018554688|7181.6416015625|NA|544859.9375|NA|804|29|53|NA|0
"161"|1995|"Hamburg"|"HH"|1307.16430664062|7375.26611328125|29291.908203125|525876.625|NA|717|25|68|NA|0
"162"|1996|"Hamburg"|"HH"|2687.4736328125|7592.11328125|29545.5546875|535703.25|NA|717|25|71|NA|0
"163"|1997|"Hamburg"|"HH"|2635.52514648438|7618.31494140625|31746.091796875|517189.5625|2|717|23|62|0.487603306770325|1
"164"|1998|"Hamburg"|"HH"|2611.96337890625|7978.732421875|36993.82421875|523400.4375|192|717|29|51|NA|0
"165"|1999|"Hamburg"|"HH"|2647.2978515625|8353.912109375|51258.95703125|545691.0625|205|759|29|65|NA|0
"166"|2000|"Hamburg"|"HH"|2662.04516601562|8263.859375|48164.390625|541028.8125|192|759|25|62|NA|0
"167"|2001|"Hamburg"|"HH"|2659.97265625|8281.046875|41362.875|532329|132|760|21|69|0.619834721088409|1
"168"|2002|"Hamburg"|"HH"|2658.595703125|8326.876953125|48696.296875|572880.125|173|759|25|60|NA|0
"169"|2003|"Hamburg"|"HH"|2663.47314453125|8394.01171875|43499.77734375|558860.8125|187|664|22|67|NA|0
"170"|2004|"Hamburg"|"HH"|2652.5322265625|8255.5947265625|38150.11328125|550106.625|165|664|25|65|NA|1
"171"|2005|"Hamburg"|"HH"|2645.01171875|8131.09033203125|40779.6015625|538589.1875|236|664|25|47|NA|0
"172"|2006|"Hamburg"|"HH"|2628.99536132812|8001.1416015625|41825.171875|545197.3125|233|715|24|65|NA|0
"173"|2007|"Hamburg"|"HH"|2595.98217773438|7822.54443359375|44784.6484375|562149.9375|230|715|26|60|NA|0
"174"|2008|"Hamburg"|"HH"|2607.181640625|7985.85400390625|41322.4296875|563367.25|116|716|21|63|0.371900826692581|1
"175"|2009|"Hamburg"|"HH"|2663.7744140625|8316.703125|39209.203125|580668.9375|208|715|25|49|NA|0
"176"|2010|"Hamburg"|"HH"|2635.19311523438|8227.4677734375|44492.6953125|576511.5|198|754|26|69|NA|0
"177"|2011|"Hamburg"|"HH"|2579.83203125|8054.6220703125|66212.1640625|566521.3125|141|754|26|68|0.404958665370941|1
"178"|2012|"Hamburg"|"HH"|2574.66528320312|8197.734375|47877.609375|566666.625|222|754|26|65|NA|0
"179"|2013|"Hamburg"|"HH"|2605.076171875|8377.6650390625|55695.24609375|560786.1875|231|754|27|44|NA|0
"180"|2014|"Hamburg"|"HH"|2654.27124023438|8502.009765625|41329.05859375|568139.4375|196|737.5|27|71|NA|0
"181"|2015|"Hamburg"|"HH"|2665|9082|35550.1328125|587290|169|737.5|22|70|0.314049601554871|1
"182"|2016|"Hamburg"|"HH"|2674.626953125|9158.810546875|47258.6484375|617533.4375|245|737.5|28|64|NA|0
"183"|2017|"Hamburg"|"HH"|2722.54907226562|9249.4853515625|93566.7890625|565313.6875|253|737.5|19|40|NA|0
"184"|2018|"Hamburg"|"HH"|2729.287109375|9307.3310546875|73192.4296875|737850.8125|255|737.5|21|67|NA|0
"185"|2019|"Hamburg"|"HH"|2760.68359375|9431.970703125|67976.0625|794801.875|235|737.5|20|66|NA|0
"186"|2020|"Hamburg"|"HH"|3177.47265625|9544.2021484375|185341.234375|803472.0625|34|737.5|4|30|0.462809920310974|1
"187"|1990|"Hesse"|"HE"|6078.890625|5626.89208984375|NA|289533.09375|215|708|28|51|NA|0
"188"|1991|"Hesse"|"HE"|7962.88330078125|7724.80078125|NA|596092.625|205|804|26|67|0.227272734045982|1
"189"|1992|"Hesse"|"HE"|7922.79443359375|7615.1279296875|NA|578510.8125|195|805|28|61|NA|0
"190"|1993|"Hesse"|"HE"|7581.19970703125|7371.4208984375|NA|571562.875|195|805|30|71|NA|0
"191"|1994|"Hesse"|"HE"|7600.7900390625|7181.6416015625|NA|544859.9375|195|804|28|53|NA|0
"192"|1995|"Hesse"|"HE"|7469.21875|7375.26611328125|64628.96484375|525876.625|197|717|23|68|0.272727280855179|1
"193"|1996|"Hesse"|"HE"|7569.94189453125|7592.11328125|63226.4296875|535703.25|201|717|32|71|NA|0
"194"|1997|"Hesse"|"HE"|7423.61572265625|7618.31494140625|67468.84375|517189.5625|201|717|32|62|NA|0
"195"|1998|"Hesse"|"HE"|7357.248046875|7978.732421875|59596.4609375|523400.4375|201|717|29|51|NA|0
"196"|1999|"Hesse"|"HE"|7515.60107421875|8353.912109375|72781.578125|545691.0625|192|759|25|65|0.200000002980232|1
"197"|2000|"Hesse"|"HE"|7659.77880859375|8263.859375|74487.4921875|541028.8125|215|759|36|62|NA|0
"198"|2001|"Hesse"|"HE"|7678.1611328125|8281.046875|101359.7109375|532329|215|760|32|69|NA|0
"199"|2002|"Hesse"|"HE"|7749.39501953125|8326.876953125|80791.515625|572880.125|215|759|35|60|NA|0
"200"|2003|"Hesse"|"HE"|7665.8681640625|8394.01171875|81121.3984375|558860.8125|183|664|25|67|0.263636350631714|1
"201"|2004|"Hesse"|"HE"|7539.4580078125|8255.5947265625|79983.5546875|550106.625|181|664|32|65|NA|0
"202"|2005|"Hesse"|"HE"|7529.00244140625|8131.09033203125|80252.0625|538589.1875|181|664|32|47|NA|0
"203"|2006|"Hesse"|"HE"|7566.2099609375|8001.1416015625|77887.1015625|545197.3125|181|715|31|65|NA|0
"204"|2007|"Hesse"|"HE"|7397.32177734375|7822.54443359375|79881.7265625|562149.9375|181|715|30|60|NA|0
"205"|2008|"Hesse"|"HE"|7243.7431640625|7985.85400390625|79009.859375|563367.25|153|716|19|63|0.309090912342072|1
"206"|2009|"Hesse"|"HE"|7421.9091796875|8316.703125|75694.8125|580668.9375|180|715|31|49|0.163636356592178|1
"207"|2010|"Hesse"|"HE"|7452.7900390625|8227.4677734375|75371.859375|576511.5|233|754|32|69|NA|0
"208"|2011|"Hesse"|"HE"|7501.05078125|8054.6220703125|76878.7109375|566521.3125|233|754|31|68|NA|0
"209"|2012|"Hesse"|"HE"|7511.84375|8197.734375|79854.7734375|566666.625|233|754|32|65|NA|0
"210"|2013|"Hesse"|"HE"|7478.17236328125|8377.6650390625|81101.6484375|560786.1875|237|754|24|44|0.245762705802917|1
"211"|2014|"Hesse"|"HE"|7403.01513671875|8502.009765625|90187.3046875|568139.4375|238|737.5|32|71|NA|0
"212"|2015|"Hesse"|"HE"|7508|9082|89304.125|587290|238|737.5|30|70|NA|0
"213"|2016|"Hesse"|"HE"|7545.2734375|9158.810546875|87188.0390625|617533.4375|238|737.5|31|64|NA|0
"214"|2017|"Hesse"|"HE"|7598.0390625|9249.4853515625|95512.4765625|565313.6875|238|737.5|32|40|NA|0
"215"|2018|"Hesse"|"HE"|7683.0439453125|9307.3310546875|92811.34375|737850.8125|120|737.5|25|67|0.318181812763214|1
"216"|2019|"Hesse"|"HE"|7792.97216796875|9431.970703125|73913.9453125|794801.875|84|737.5|29|66|NA|0
"217"|2020|"Hesse"|"HE"|7767.15576171875|9544.2021484375|NA|803472.0625|NA|737.5|9|30|NA|0
"218"|1990|"Lower Saxony"|"NS"|4469.33447265625|5626.89208984375|61013.625|289533.09375|263|708|21|51|0.341935485601425|1
"219"|1991|"Lower Saxony"|"NS"|6119.890625|7724.80078125|86470.1484375|596092.625|388|804|30|67|NA|0
"220"|1992|"Lower Saxony"|"NS"|6093.88525390625|7615.1279296875|93187.0625|578510.8125|422|805|27|61|NA|0
"221"|1993|"Lower Saxony"|"NS"|6755.59521484375|7371.4208984375|94670.09375|571562.875|481|805|31|71|NA|0
"222"|1994|"Lower Saxony"|"NS"|6581.67041015625|7181.6416015625|117050.4609375|544859.9375|313|804|24|53|0.341935485601425|1
"223"|1995|"Lower Saxony"|"NS"|6603.9033203125|7375.26611328125|110837.4921875|525876.625|438|717|30|68|NA|0
"224"|1996|"Lower Saxony"|"NS"|6517.1240234375|7592.11328125|119625.96875|535703.25|403|717|28|71|NA|0
"225"|1997|"Lower Saxony"|"NS"|6473.5087890625|7618.31494140625|114612.6015625|517189.5625|337|717|30|62|NA|0
"226"|1998|"Lower Saxony"|"NS"|6510.3193359375|7978.732421875|137243.71875|523400.4375|275|717|23|51|0.198757767677307|1
"227"|1999|"Lower Saxony"|"NS"|6469.009765625|8353.912109375|126533.953125|545691.0625|326|759|22|65|NA|0
"228"|2000|"Lower Saxony"|"NS"|6501.53369140625|8263.859375|131000.3515625|541028.8125|355|759|26|62|NA|0
"229"|2001|"Lower Saxony"|"NS"|6486.81982421875|8281.046875|126357.4609375|532329|385|760|27|69|NA|0
"230"|2002|"Lower Saxony"|"NS"|6541.162109375|8326.876953125|135801.421875|572880.125|361|759|33|60|NA|0
"231"|2003|"Lower Saxony"|"NS"|6470.65869140625|8394.01171875|145250.484375|558860.8125|291|664|25|67|0.356687903404236|1
"232"|2004|"Lower Saxony"|"NS"|6363.95751953125|8255.5947265625|125251.8203125|550106.625|357|664|29|65|NA|0
"233"|2005|"Lower Saxony"|"NS"|6267.9814453125|8131.09033203125|118069.5546875|538589.1875|349|664|27|47|NA|0
"234"|2006|"Lower Saxony"|"NS"|6167.80810546875|8001.1416015625|116737.78125|545197.3125|368|715|30|65|NA|0
"235"|2007|"Lower Saxony"|"NS"|6121.65185546875|7822.54443359375|113979.5546875|562149.9375|446|715|28|60|NA|0
"236"|2008|"Lower Saxony"|"NS"|6088.13916015625|7985.85400390625|181418.59375|563367.25|291|716|27|63|0.393442630767822|1
"237"|2009|"Lower Saxony"|"NS"|6068.330078125|8316.703125|161697.984375|580668.9375|410|715|31|49|NA|0
"238"|2010|"Lower Saxony"|"NS"|6223.17626953125|8227.4677734375|157887.671875|576511.5|445|754|36|69|NA|0
"239"|2011|"Lower Saxony"|"NS"|6302.52099609375|8054.6220703125|152103.609375|566521.3125|368|754|31|68|NA|0
"240"|2012|"Lower Saxony"|"NS"|6290.42236328125|8197.734375|157447.5625|566666.625|346|754|29|65|NA|0
"241"|2013|"Lower Saxony"|"NS"|6356.34521484375|8377.6650390625|202252.78125|560786.1875|308|754|25|44|0.375|1
"242"|2014|"Lower Saxony"|"NS"|6418|8502.009765625|185181.375|568139.4375|334|737.5|28|71|NA|0
"243"|2015|"Lower Saxony"|"NS"|6500.85986328125|9082|192489.046875|587290|356|737.5|31|70|NA|0
"244"|2016|"Lower Saxony"|"NS"|6649.6318359375|9158.810546875|193281.765625|617533.4375|409|737.5|34|64|NA|0
"245"|2017|"Lower Saxony"|"NS"|6676.32373046875|9249.4853515625|191763.28125|565313.6875|290|737.5|27|40|0.394160598516464|1
"246"|2018|"Lower Saxony"|"NS"|6718.005859375|9307.3310546875|255080.640625|737850.8125|358|737.5|31|67|NA|0
"247"|2019|"Lower Saxony"|"NS"|6814.35888671875|9431.970703125|219886.171875|794801.875|331|737.5|31|66|NA|0
"248"|2020|"Lower Saxony"|"NS"|6791.7841796875|9544.2021484375|228318.953125|803472.0625|102|737.5|10|30|NA|0
"249"|1990|"Mecklenburg-Vorpommern"|"MV"|2085.689453125|5626.89208984375|NA|289533.09375|30|708|7|51|1|1
"250"|1991|"Mecklenburg-Vorpommern"|"MV"|3551.72241210938|7724.80078125|104117.6171875|596092.625|272|804|32|67|NA|0
"251"|1992|"Mecklenburg-Vorpommern"|"MV"|3381.36352539062|7615.1279296875|188158.28125|578510.8125|272|805|27|61|NA|0
"252"|1993|"Mecklenburg-Vorpommern"|"MV"|3804.466796875|7371.4208984375|153941.375|571562.875|271|805|28|71|NA|0
"253"|1994|"Mecklenburg-Vorpommern"|"MV"|3893.57763671875|7181.6416015625|151967.796875|544859.9375|242|804|19|53|0.454545468091965|1
"254"|1995|"Mecklenburg-Vorpommern"|"MV"|3826.17919921875|7375.26611328125|155593.03125|525876.625|243|717|25|68|NA|0
"255"|1996|"Mecklenburg-Vorpommern"|"MV"|4239.48974609375|7592.11328125|166810.734375|535703.25|243|717|25|71|NA|0
"256"|1997|"Mecklenburg-Vorpommern"|"MV"|4157.541015625|7618.31494140625|168451.8125|517189.5625|243|717|21|62|NA|0
"257"|1998|"Mecklenburg-Vorpommern"|"MV"|4492.5771484375|7978.732421875|166119.953125|523400.4375|248|717|17|51|0.295774638652802|1
"258"|1999|"Mecklenburg-Vorpommern"|"MV"|4464.0712890625|8353.912109375|175293.015625|545691.0625|256|759|26|65|NA|0
"259"|2000|"Mecklenburg-Vorpommern"|"MV"|4402.61328125|8263.859375|174131.671875|541028.8125|256|759|18|62|NA|0
"260"|2001|"Mecklenburg-Vorpommern"|"MV"|4393.873046875|8281.046875|175520.609375|532329|256|760|23|69|NA|0
"261"|2002|"Mecklenburg-Vorpommern"|"MV"|4709.443359375|8326.876953125|178885.1875|572880.125|256|759|14|60|0.394366204738617|1
"262"|2003|"Mecklenburg-Vorpommern"|"MV"|4658.6826171875|8394.01171875|179932.515625|558860.8125|253|664|21|67|NA|0
"263"|2004|"Mecklenburg-Vorpommern"|"MV"|4604.77001953125|8255.5947265625|176004.90625|550106.625|254|664|23|65|NA|0
"264"|2005|"Mecklenburg-Vorpommern"|"MV"|4607.888671875|8131.09033203125|175309.640625|538589.1875|254|664|18|47|NA|0
"265"|2006|"Mecklenburg-Vorpommern"|"MV"|5096.63232421875|8001.1416015625|175879.484375|545197.3125|271|715|24|65|0.352112680673599|1
"266"|2007|"Mecklenburg-Vorpommern"|"MV"|4982.8681640625|7822.54443359375|185825.890625|562149.9375|213|715|22|60|NA|0
"267"|2008|"Mecklenburg-Vorpommern"|"MV"|4858.16064453125|7985.85400390625|182410.46875|563367.25|214|716|27|63|NA|0
"268"|2009|"Mecklenburg-Vorpommern"|"MV"|4982.78759765625|8316.703125|187901.390625|580668.9375|214|715|27|49|NA|0
"269"|2010|"Mecklenburg-Vorpommern"|"MV"|5510.96630859375|8227.4677734375|206650.859375|576511.5|213|754|26|69|NA|0
"270"|2011|"Mecklenburg-Vorpommern"|"MV"|5459.93701171875|8054.6220703125|215760.734375|566521.3125|216|754|22|68|0.478873252868652|1
"271"|2012|"Mecklenburg-Vorpommern"|"MV"|5433.40869140625|8197.734375|214020.6875|566666.625|210|754|26|65|NA|0
"272"|2013|"Mecklenburg-Vorpommern"|"MV"|5475.228515625|8377.6650390625|216225.0625|560786.1875|210|754|25|44|NA|0
"273"|2014|"Mecklenburg-Vorpommern"|"MV"|5553.73876953125|8502.009765625|226538.328125|568139.4375|210|737.5|27|71|NA|0
"274"|2015|"Mecklenburg-Vorpommern"|"MV"|5636.490234375|9082|229953.515625|587290|210|737.5|25|70|NA|0
"275"|2016|"Mecklenburg-Vorpommern"|"MV"|5720.6171875|9158.810546875|232803.59375|617533.4375|238|737.5|20|64|0.450704216957092|1
"276"|2017|"Mecklenburg-Vorpommern"|"MV"|5749.2158203125|9249.4853515625|223650.921875|565313.6875|205|737.5|23|40|NA|0
"277"|2018|"Mecklenburg-Vorpommern"|"MV"|5747.59130859375|9307.3310546875|260613.578125|737850.8125|217|737.5|27|67|NA|0
"278"|2019|"Mecklenburg-Vorpommern"|"MV"|5788.337890625|9431.970703125|257112.46875|794801.875|258|737.5|26|66|NA|0
"279"|2020|"Mecklenburg-Vorpommern"|"MV"|5942.23388671875|9544.2021484375|280548.96875|803472.0625|82|737.5|10|30|NA|0
"280"|1990|"North Rhine-Westphalia"|"NW"|4146.3505859375|5626.89208984375|NA|289533.09375|312|708|23|51|0.277533054351807|1
"281"|1991|"North Rhine-Westphalia"|"NW"|5643.7255859375|7724.80078125|NA|596092.625|322|804|32|67|NA|0
"282"|1992|"North Rhine-Westphalia"|"NW"|5625.69677734375|7615.1279296875|58678.2890625|578510.8125|322|805|34|61|NA|0
"283"|1993|"North Rhine-Westphalia"|"NW"|5570.16552734375|7371.4208984375|81811.8828125|571562.875|322|805|34|71|NA|0
"284"|1994|"North Rhine-Westphalia"|"NW"|5426.76025390625|7181.6416015625|76916.1171875|544859.9375|322|804|34|53|NA|0
"285"|1995|"North Rhine-Westphalia"|"NW"|5558.8525390625|7375.26611328125|81497.3671875|525876.625|322|717|27|68|0.347280323505402|1
"286"|1996|"North Rhine-Westphalia"|"NW"|5623.5390625|7592.11328125|88646.7578125|535703.25|327|717|29|71|NA|0
"287"|1997|"North Rhine-Westphalia"|"NW"|5669.67333984375|7618.31494140625|85458.5546875|517189.5625|327|717|30|62|NA|0
"288"|1998|"North Rhine-Westphalia"|"NW"|5714.9765625|7978.732421875|87564.9375|523400.4375|327|717|32|51|NA|0
"289"|1999|"North Rhine-Westphalia"|"NW"|5758.52197265625|8353.912109375|84694.046875|545691.0625|327|759|26|65|NA|0
"290"|2000|"North Rhine-Westphalia"|"NW"|5679.2431640625|8263.859375|84269.296875|541028.8125|316|759|29|62|0.334841638803482|1
"291"|2001|"North Rhine-Westphalia"|"NW"|5679.41796875|8281.046875|84444.796875|532329|308|760|29|69|NA|0
"292"|2002|"North Rhine-Westphalia"|"NW"|5716.70703125|8326.876953125|83530.921875|572880.125|308|759|32|60|NA|0
"293"|2003|"North Rhine-Westphalia"|"NW"|5756.88623046875|8394.01171875|82109.546875|558860.8125|308|664|29|67|NA|0
"294"|2004|"North Rhine-Westphalia"|"NW"|5661.955078125|8255.5947265625|78342.734375|550106.625|308|664|33|65|NA|0
"295"|2005|"North Rhine-Westphalia"|"NW"|9280.6845703125|8131.09033203125|96231.875|538589.1875|294|664|25|47|0.502164483070374|1
"296"|2006|"North Rhine-Westphalia"|"NW"|9132.36328125|8001.1416015625|93247.140625|545197.3125|281|715|33|65|NA|0
"297"|2007|"North Rhine-Westphalia"|"NW"|9053.5146484375|7822.54443359375|88826.15625|562149.9375|281|715|32|60|NA|0
"298"|2008|"North Rhine-Westphalia"|"NW"|8939.6376953125|7985.85400390625|86717.71875|563367.25|281|716|29|63|NA|0
"299"|2009|"North Rhine-Westphalia"|"NW"|8910.55078125|8316.703125|87087.484375|580668.9375|281|715|29|49|NA|0
"300"|2010|"North Rhine-Westphalia"|"NW"|8814.943359375|8227.4677734375|88810.3828125|576511.5|218|754|30|69|0.395721912384033|1
"301"|2011|"North Rhine-Westphalia"|"NW"|8629.755859375|8054.6220703125|87711.828125|566521.3125|154|754|31|68|NA|0
"302"|2012|"North Rhine-Westphalia"|"NW"|8869.20703125|8197.734375|69541.1640625|566666.625|290|754|25|65|0.232044205069542|1
"303"|2013|"North Rhine-Westphalia"|"NW"|8743.1474609375|8377.6650390625|68515.5|560786.1875|426|754|28|44|NA|0
"304"|2014|"North Rhine-Westphalia"|"NW"|8655.2763671875|8502.009765625|71675.25|568139.4375|426|737.5|30|71|NA|0
"305"|2015|"North Rhine-Westphalia"|"NW"|8612|9082|74272.9921875|587290|427|737.5|24|70|NA|0
"306"|2016|"North Rhine-Westphalia"|"NW"|8569.154296875|9158.810546875|77390.6875|617533.4375|426|737.5|31|64|NA|0
"307"|2017|"North Rhine-Westphalia"|"NW"|8443.1376953125|9249.4853515625|91130.1640625|565313.6875|393|737.5|28|40|0.594936728477478|1
"308"|2018|"North Rhine-Westphalia"|"NW"|8296.724609375|9307.3310546875|92201.859375|737850.8125|422|737.5|29|67|NA|0
"309"|2019|"North Rhine-Westphalia"|"NW"|8860.607421875|9431.970703125|103830.1640625|794801.875|422|737.5|31|66|NA|0
"310"|2020|"North Rhine-Westphalia"|"NW"|8831.25390625|9544.2021484375|255520.375|803472.0625|181|737.5|13|30|NA|0
"311"|1990|"Rhineland-Palatinate"|"RP"|4244.68212890625|5626.89208984375|NA|289533.09375|103|708|23|51|NA|0
"312"|1991|"Rhineland-Palatinate"|"RP"|5823.66162109375|7724.80078125|NA|596092.625|117|804|22|67|0.239999994635582|1
"313"|1992|"Rhineland-Palatinate"|"RP"|5544.32861328125|7615.1279296875|NA|578510.8125|138|805|24|61|NA|0
"314"|1993|"Rhineland-Palatinate"|"RP"|5567.84033203125|7371.4208984375|NA|571562.875|156|805|29|71|NA|0
"315"|1994|"Rhineland-Palatinate"|"RP"|5876.5380859375|7181.6416015625|NA|544859.9375|146|804|30|53|NA|0
"316"|1995|"Rhineland-Palatinate"|"RP"|5976.93408203125|7375.26611328125|NA|525876.625|157|717|26|68|NA|0
"317"|1996|"Rhineland-Palatinate"|"RP"|5898.3935546875|7592.11328125|NA|535703.25|118|717|25|71|0.376237630844116|1
"318"|1997|"Rhineland-Palatinate"|"RP"|5900.06494140625|7618.31494140625|NA|517189.5625|148|717|29|62|NA|0
"319"|1998|"Rhineland-Palatinate"|"RP"|5899.94287109375|7978.732421875|94763.3671875|523400.4375|147|717|28|51|NA|0
"320"|1999|"Rhineland-Palatinate"|"RP"|5950.44482421875|8353.912109375|104355.8828125|545691.0625|138|759|24|65|NA|0
"321"|2000|"Rhineland-Palatinate"|"RP"|5980.02880859375|8263.859375|92171.921875|541028.8125|128|759|24|62|NA|0
"322"|2001|"Rhineland-Palatinate"|"RP"|5974.0224609375|8281.046875|110905.8984375|532329|105|760|19|69|0.198019802570343|1
"323"|2002|"Rhineland-Palatinate"|"RP"|6030.03662109375|8326.876953125|99950.5078125|572880.125|136|759|22|60|NA|0
"324"|2003|"Rhineland-Palatinate"|"RP"|5965.0419921875|8394.01171875|102977.828125|558860.8125|142|664|25|67|NA|0
"325"|2004|"Rhineland-Palatinate"|"RP"|5866.67822265625|8255.5947265625|100304.375|550106.625|150|664|23|65|NA|0
"326"|2005|"Rhineland-Palatinate"|"RP"|5882.2041015625|8131.09033203125|95671.25|538589.1875|142|664|20|47|NA|0
"327"|2006|"Rhineland-Palatinate"|"RP"|5875.57080078125|8001.1416015625|99723.0859375|545197.3125|110|715|19|65|0.26732674241066|1
"328"|2007|"Rhineland-Palatinate"|"RP"|5772.6005859375|7822.54443359375|96772.2265625|562149.9375|120|715|24|60|NA|0
"329"|2008|"Rhineland-Palatinate"|"RP"|5656.267578125|7985.85400390625|96645.078125|563367.25|151|716|21|63|NA|0
"330"|2009|"Rhineland-Palatinate"|"RP"|5851.41015625|8316.703125|103358.1484375|580668.9375|147|715|22|49|NA|0
"331"|2010|"Rhineland-Palatinate"|"RP"|5858.35888671875|8227.4677734375|101799.7890625|576511.5|161|754|25|69|NA|0
"332"|2011|"Rhineland-Palatinate"|"RP"|5735.2841796875|8054.6220703125|101743.078125|566521.3125|154|754|24|68|0.297029703855515|1
"333"|2012|"Rhineland-Palatinate"|"RP"|5679.28955078125|8197.734375|98134.1484375|566666.625|195|754|22|65|NA|0
"334"|2013|"Rhineland-Palatinate"|"RP"|5654.55859375|8377.6650390625|105445.984375|560786.1875|202|754|23|44|NA|0
"335"|2014|"Rhineland-Palatinate"|"RP"|5653.70849609375|8502.009765625|108873.296875|568139.4375|185|737.5|23|71|NA|0
"336"|2015|"Rhineland-Palatinate"|"RP"|5681.68994140625|9082|110468.2734375|587290|201|737.5|25|70|NA|0
"337"|2016|"Rhineland-Palatinate"|"RP"|5783.45263671875|9158.810546875|117777.4453125|617533.4375|133|737.5|23|64|0.26732674241066|1
"338"|2017|"Rhineland-Palatinate"|"RP"|5822.07861328125|9249.4853515625|120297.421875|565313.6875|209|737.5|28|40|NA|0
"339"|2018|"Rhineland-Palatinate"|"RP"|5936.9169921875|9307.3310546875|129860.3515625|737850.8125|201|737.5|24|67|NA|0
"340"|2019|"Rhineland-Palatinate"|"RP"|6396.818359375|9431.970703125|135462.078125|794801.875|170|737.5|25|66|NA|0
"341"|2020|"Rhineland-Palatinate"|"RP"|6618.61767578125|9544.2021484375|136128.53125|803472.0625|71|737.5|5|30|NA|0
"342"|1990|"Saarland"|"SL"|3563.54931640625|5626.89208984375|NA|289533.09375|172|708|12|51|0.372549027204514|1
"343"|1991|"Saarland"|"SL"|5834.97216796875|7724.80078125|NA|596092.625|252|804|14|67|NA|0
"344"|1992|"Saarland"|"SL"|5555.0966796875|7615.1279296875|NA|578510.8125|295|805|16|61|NA|0
"345"|1993|"Saarland"|"SL"|5315.58642578125|7371.4208984375|NA|571562.875|281|805|17|71|NA|0
"346"|1994|"Saarland"|"SL"|5178.7353515625|7181.6416015625|NA|544859.9375|216|804|13|53|0.215686276555061|1
"347"|1995|"Saarland"|"SL"|5357.3310546875|7375.26611328125|NA|525876.625|258|717|14|68|NA|0
"348"|1996|"Saarland"|"SL"|5286.9326171875|7592.11328125|NA|535703.25|240|717|16|71|NA|0
"349"|1997|"Saarland"|"SL"|5251.94287109375|7618.31494140625|NA|517189.5625|268|717|17|62|NA|0
"350"|1998|"Saarland"|"SL"|5283.349609375|7978.732421875|NA|523400.4375|290|717|15|51|NA|0
"351"|1999|"Saarland"|"SL"|5402.3046875|8353.912109375|NA|545691.0625|267|759|13|65|0.352941185235977|1
"352"|2000|"Saarland"|"SL"|5327.93017578125|8263.859375|157206.3125|541028.8125|257|759|15|62|NA|0
"353"|2001|"Saarland"|"SL"|5317.435546875|8281.046875|152676.53125|532329|266|760|15|69|NA|0
"354"|2002|"Saarland"|"SL"|5361.755859375|8326.876953125|150073.59375|572880.125|263|759|13|60|NA|0
"355"|2003|"Saarland"|"SL"|5304.19140625|8394.01171875|161981.921875|558860.8125|295|664|14|67|NA|0
"356"|2004|"Saarland"|"SL"|5216.7255859375|8255.5947265625|163336.328125|550106.625|176|664|14|65|0.313725501298904|1
"357"|2005|"Saarland"|"SL"|5364.26953125|8131.09033203125|171623.234375|538589.1875|191|664|14|47|NA|0
"358"|2006|"Saarland"|"SL"|5278.5390625|8001.1416015625|167539.625|545197.3125|211|715|14|65|NA|0
"359"|2007|"Saarland"|"SL"|5160.71435546875|7822.54443359375|162762.609375|562149.9375|194|715|15|60|NA|0
"360"|2008|"Saarland"|"SL"|5177.36669921875|7985.85400390625|162708.8125|563367.25|231|716|13|63|NA|0
"361"|2009|"Saarland"|"SL"|5160.52099609375|8316.703125|150963.390625|580668.9375|166|715|13|49|0.313725501298904|1
"362"|2010|"Saarland"|"SL"|5302.5751953125|8227.4677734375|182294.046875|576511.5|282|754|11|69|NA|0
"363"|2011|"Saarland"|"SL"|5253.1513671875|8054.6220703125|172746.75|566521.3125|276|754|12|68|NA|0
"364"|2012|"Saarland"|"SL"|5248.19775390625|8197.734375|164629.15625|566666.625|214|754|15|65|0.235294118523598|1
"365"|2013|"Saarland"|"SL"|5292.3857421875|8377.6650390625|167665.96875|560786.1875|284|754|11|44|NA|0
"366"|2014|"Saarland"|"SL"|5333.66845703125|8502.009765625|175112.8125|568139.4375|276|737.5|11|71|NA|0
"367"|2015|"Saarland"|"SL"|5408|9082|177094.125|587290|305|737.5|11|70|NA|0
"368"|2016|"Saarland"|"SL"|5494.52734375|9158.810546875|179484.9375|617533.4375|292|737.5|12|64|NA|0
"369"|2017|"Saarland"|"SL"|5521.56884765625|9249.4853515625|182752.78125|565313.6875|184|737.5|12|40|0.352941185235977|1
"370"|2018|"Saarland"|"SL"|5548.16943359375|9307.3310546875|192290.984375|737850.8125|229|737.5|12|67|NA|0
"371"|2019|"Saarland"|"SL"|5643.87451171875|9431.970703125|201078.15625|794801.875|237|737.5|13|66|NA|0
"372"|2020|"Saarland"|"SL"|5805.0166015625|9544.2021484375|204641.671875|803472.0625|117|737.5|3|30|NA|0
"373"|1990|"Saxony"|"SX"|2085.689453125|5626.89208984375|NA|289533.09375|39|708|8|51|1|1
"374"|1991|"Saxony"|"SX"|2732.09399414062|7724.80078125|NA|596092.625|238|804|30|67|NA|0
"375"|1992|"Saxony"|"SX"|3344.20556640625|7615.1279296875|NA|578510.8125|203|805|26|61|NA|0
"376"|1993|"Saxony"|"SX"|3804.466796875|7371.4208984375|NA|571562.875|184|805|25|71|NA|0
"377"|1994|"Saxony"|"SX"|3706.51977539062|7181.6416015625|90369.6171875|544859.9375|137|804|21|53|0.518750011920929|1
"378"|1995|"Saxony"|"SX"|4598.22314453125|7375.26611328125|87720.15625|525876.625|141|717|21|68|NA|0
"379"|1996|"Saxony"|"SX"|4537.79931640625|7592.11328125|92292.328125|535703.25|152|717|23|71|NA|0
"380"|1997|"Saxony"|"SX"|4450.08447265625|7618.31494140625|93866.96875|517189.5625|142|717|21|62|NA|0
"381"|1998|"Saxony"|"SX"|4410.30029296875|7978.732421875|97476.8359375|523400.4375|162|717|24|51|NA|0
"382"|1999|"Saxony"|"SX"|4382.31640625|8353.912109375|96474.4453125|545691.0625|108|759|17|65|0.25|1
"383"|2000|"Saxony"|"SX"|4935.0224609375|8263.859375|98005.609375|541028.8125|132|759|21|62|NA|0
"384"|2001|"Saxony"|"SX"|4838.138671875|8281.046875|99800.6171875|532329|138|760|26|69|NA|0
"385"|2002|"Saxony"|"SX"|4773.70458984375|8326.876953125|104848.671875|572880.125|127|759|22|60|NA|0
"386"|2003|"Saxony"|"SX"|5130.5390625|8394.01171875|101973.0546875|558860.8125|141|664|23|67|NA|0
"387"|2004|"Saxony"|"SX"|5045.9365234375|8255.5947265625|105169.265625|550106.625|110|664|18|65|0.366666674613953|1
"388"|2005|"Saxony"|"SX"|4969.837890625|8131.09033203125|110026.390625|538589.1875|132|664|33|47|NA|0
"389"|2006|"Saxony"|"SX"|4890.4111328125|8001.1416015625|95280.9765625|545197.3125|114|715|31|65|NA|0
"390"|2007|"Saxony"|"SX"|5001.1162109375|7822.54443359375|96756.1953125|562149.9375|123|715|28|60|NA|0
"391"|2008|"Saxony"|"SX"|4875.9521484375|7985.85400390625|107285.265625|563367.25|133|716|30|63|NA|0
"392"|2009|"Saxony"|"SX"|4860.0869140625|8316.703125|97209.625|580668.9375|81|715|19|49|0.411290317773819|1
"393"|2010|"Saxony"|"SX"|5187.7685546875|8227.4677734375|102375.9609375|576511.5|108|754|21|69|NA|0
"394"|2011|"Saxony"|"SX"|5180.357421875|8054.6220703125|125630.2578125|566521.3125|132|754|20|68|NA|0
"395"|2012|"Saxony"|"SX"|5231.359375|8197.734375|113864.9609375|566666.625|131|754|21|65|NA|0
"396"|2013|"Saxony"|"SX"|5208.5791015625|8377.6650390625|121940.4765625|560786.1875|131|754|21|44|NA|0
"397"|2014|"Saxony"|"SX"|5238.73388671875|8502.009765625|125285.953125|568139.4375|83|737.5|18|71|0.416666656732559|1
"398"|2015|"Saxony"|"SX"|5337.64013671875|9082|132741.265625|587290|112|737.5|21|70|NA|0
"399"|2016|"Saxony"|"SX"|5459.791015625|9158.810546875|153565.5|617533.4375|124|737.5|21|64|NA|0
"400"|2017|"Saxony"|"SX"|5557.01953125|9249.4853515625|168212.734375|565313.6875|112|737.5|18|40|NA|0
"401"|2018|"Saxony"|"SX"|5591.71484375|9307.3310546875|151698.171875|737850.8125|117|737.5|20|67|NA|0
"402"|2019|"Saxony"|"SX"|5644.34912109375|9431.970703125|172047.046875|794801.875|63|737.5|14|66|0.420634925365448|1
"403"|2020|"Saxony"|"SX"|5625.65087890625|9544.2021484375|166259.28125|803472.0625|25|737.5|4|30|NA|0
"404"|1990|"Saxony-Anhalt"|"SA"|2879.443359375|5626.89208984375|NA|289533.09375|21|708|6|51|1|1
"405"|1991|"Saxony-Anhalt"|"SA"|3771.85107421875|7724.80078125|NA|596092.625|322|804|21|67|NA|0
"406"|1992|"Saxony-Anhalt"|"SA"|3590.93359375|7615.1279296875|NA|578510.8125|277|805|16|61|NA|0
"407"|1993|"Saxony-Anhalt"|"SA"|3982.24560546875|7371.4208984375|NA|571562.875|288|805|14|71|NA|0
"408"|1994|"Saxony-Anhalt"|"SA"|3879.72143554688|7181.6416015625|NA|544859.9375|345|804|17|53|0.433962255716324|1
"409"|1995|"Saxony-Anhalt"|"SA"|4425.2958984375|7375.26611328125|NA|525876.625|253|717|22|68|NA|0
"410"|1996|"Saxony-Anhalt"|"SA"|4367.14501953125|7592.11328125|NA|535703.25|237|717|20|71|NA|0
"411"|1997|"Saxony-Anhalt"|"SA"|4282.728515625|7618.31494140625|NA|517189.5625|222|717|22|62|NA|0
"412"|1998|"Saxony-Anhalt"|"SA"|4244.44091796875|7978.732421875|NA|523400.4375|133|717|16|51|0.32323232293129|1
"413"|1999|"Saxony-Anhalt"|"SA"|4996.1259765625|8353.912109375|NA|545691.0625|215|759|20|65|NA|0
"414"|2000|"Saxony-Anhalt"|"SA"|4927.34326171875|8263.859375|58985.703125|541028.8125|214|759|17|62|NA|0
"415"|2001|"Saxony-Anhalt"|"SA"|4830.6103515625|8281.046875|62009.40234375|532329|180|760|18|69|NA|0
"416"|2002|"Saxony-Anhalt"|"SA"|4766.2802734375|8326.876953125|82392.3828125|572880.125|172|759|18|60|0.5|1
"417"|2003|"Saxony-Anhalt"|"SA"|4714.9072265625|8394.01171875|75056.234375|558860.8125|224|664|20|67|NA|0
"418"|2004|"Saxony-Anhalt"|"SA"|4637.158203125|8255.5947265625|70175.6484375|550106.625|236|664|20|65|NA|0
"419"|2005|"Saxony-Anhalt"|"SA"|4886.31103515625|8131.09033203125|70076.4375|538589.1875|190|664|18|47|NA|0
"420"|2006|"Saxony-Anhalt"|"SA"|5122.14599609375|8001.1416015625|99246.8125|545197.3125|161|715|17|65|0.382608681917191|1
"421"|2007|"Saxony-Anhalt"|"SA"|5007.8125|7822.54443359375|97239.7421875|562149.9375|207|715|19|60|NA|0
"422"|2008|"Saxony-Anhalt"|"SA"|5072.9052734375|7985.85400390625|90871.9375|563367.25|194|716|18|63|NA|0
"423"|2009|"Saxony-Anhalt"|"SA"|5202.8203125|8316.703125|96036.1875|580668.9375|213|715|19|49|NA|0
"424"|2010|"Saxony-Anhalt"|"SA"|5146.99609375|8227.4677734375|106007.0625|576511.5|188|754|17|69|NA|0
"425"|2011|"Saxony-Anhalt"|"SA"|5038.86572265625|8054.6220703125|108706.484375|566521.3125|159|754|19|68|0.226804122328758|1
"426"|2012|"Saxony-Anhalt"|"SA"|5823.89306640625|8197.734375|91984.1328125|566666.625|202|754|21|65|NA|0
"427"|2013|"Saxony-Anhalt"|"SA"|5741.11669921875|8377.6650390625|83616.1484375|560786.1875|214|754|21|44|NA|0
"428"|2014|"Saxony-Anhalt"|"SA"|5683.4169921875|8502.009765625|102072.265625|568139.4375|233|737.5|23|71|NA|0
"429"|2015|"Saxony-Anhalt"|"SA"|5975.740234375|9082|107915.6796875|587290|209|737.5|23|70|NA|0
"430"|2016|"Saxony-Anhalt"|"SA"|6195.74169921875|9158.810546875|147356.328125|617533.4375|122|737.5|21|64|0.476190477609634|1
"431"|2017|"Saxony-Anhalt"|"SA"|6263.3427734375|9249.4853515625|167975.171875|565313.6875|197|737.5|23|40|NA|0
"432"|2018|"Saxony-Anhalt"|"SA"|6363.98828125|9307.3310546875|155373.9375|737850.8125|198|737.5|22|67|NA|0
"433"|2019|"Saxony-Anhalt"|"SA"|6543.08642578125|9431.970703125|152477.328125|794801.875|219|737.5|28|66|NA|0
"434"|2020|"Saxony-Anhalt"|"SA"|6749.6640625|9544.2021484375|164704.53125|803472.0625|97|737.5|10|30|NA|0
"435"|1990|"Schleswig-Holstein"|"SH"|3789.99560546875|5626.89208984375|86425.65625|289533.09375|173|708|27|51|NA|0
"436"|1991|"Schleswig-Holstein"|"SH"|4964.60498046875|7724.80078125|125711.125|596092.625|166|804|25|67|NA|0
"437"|1992|"Schleswig-Holstein"|"SH"|4964.287109375|7615.1279296875|109287.46875|578510.8125|156|805|22|61|0.270270258188248|1
"438"|1993|"Schleswig-Holstein"|"SH"|4750.25|7371.4208984375|112437.703125|571562.875|224|805|32|71|NA|0
"439"|1994|"Schleswig-Holstein"|"SH"|4801.1552734375|7181.6416015625|111591.8046875|544859.9375|225|804|30|53|NA|0
"440"|1995|"Schleswig-Holstein"|"SH"|4867.82568359375|7375.26611328125|116706.1875|525876.625|254|717|31|68|NA|0
"441"|1996|"Schleswig-Holstein"|"SH"|4803.859375|7592.11328125|141911.15625|535703.25|124|717|24|71|0.426966279745102|1
"442"|1997|"Schleswig-Holstein"|"SH"|4783.47802734375|7618.31494140625|141489.046875|517189.5625|183|717|28|62|NA|0
"443"|1998|"Schleswig-Holstein"|"SH"|4799.48291015625|7978.732421875|141086.953125|523400.4375|185|717|27|51|NA|0
"444"|1999|"Schleswig-Holstein"|"SH"|4840.40234375|8353.912109375|147561.765625|545691.0625|219|759|29|65|NA|0
"445"|2000|"Schleswig-Holstein"|"SH"|4844.154296875|8263.859375|133293.015625|541028.8125|156|759|20|62|0.239999994635582|1
"446"|2001|"Schleswig-Holstein"|"SH"|4818.0634765625|8281.046875|141982.484375|532329|189|760|29|69|NA|0
"447"|2002|"Schleswig-Holstein"|"SH"|4753.900390625|8326.876953125|138263.46875|572880.125|187|759|28|60|NA|0
"448"|2003|"Schleswig-Holstein"|"SH"|4702.66064453125|8394.01171875|148298.453125|558860.8125|196|664|26|67|NA|0
"449"|2004|"Schleswig-Holstein"|"SH"|4625.11376953125|8255.5947265625|140106.671875|550106.625|170|664|29|65|NA|0
"450"|2005|"Schleswig-Holstein"|"SH"|4555.36181640625|8131.09033203125|175861.671875|538589.1875|116|664|21|47|0.393258422613144|1
"451"|2006|"Schleswig-Holstein"|"SH"|4482.55908203125|8001.1416015625|180337.171875|545197.3125|147|715|30|65|NA|0
"452"|2007|"Schleswig-Holstein"|"SH"|7477.6787109375|7822.54443359375|150207.03125|562149.9375|141|715|28|60|NA|0
"453"|2008|"Schleswig-Holstein"|"SH"|7370.72900390625|7985.85400390625|167508.78125|563367.25|147|716|25|63|NA|0
"454"|2009|"Schleswig-Holstein"|"SH"|7561.07421875|8316.703125|109873.2734375|580668.9375|165|715|29|49|0.318840593099594|1
"455"|2010|"Schleswig-Holstein"|"SH"|7479.94677734375|8227.4677734375|129028.6875|576511.5|235|754|30|69|NA|0
"456"|2011|"Schleswig-Holstein"|"SH"|7511.80712890625|8054.6220703125|136368.859375|566521.3125|175|754|30|68|NA|0
"457"|2012|"Schleswig-Holstein"|"SH"|7512.111328125|8197.734375|182680.34375|566666.625|155|754|27|65|0.431578934192657|1
"458"|2013|"Schleswig-Holstein"|"SH"|7664.517578125|8377.6650390625|179507.109375|560786.1875|172|754|29|44|NA|0
"459"|2014|"Schleswig-Holstein"|"SH"|7761.97021484375|8502.009765625|193237.203125|568139.4375|160|737.5|33|71|NA|0
"460"|2015|"Schleswig-Holstein"|"SH"|7869.919921875|9082|185890.71875|587290|173|737.5|30|70|NA|0
"461"|2016|"Schleswig-Holstein"|"SH"|7995.2041015625|9158.810546875|192795.4375|617533.4375|208|737.5|30|64|NA|0
"462"|2017|"Schleswig-Holstein"|"SH"|7877.451171875|9249.4853515625|188479.71875|565313.6875|137|737.5|26|40|0.376811593770981|1
"463"|2018|"Schleswig-Holstein"|"SH"|7919.05615234375|9307.3310546875|218680.546875|737850.8125|148|737.5|28|67|NA|0
"464"|2019|"Schleswig-Holstein"|"SH"|8225.431640625|9431.970703125|253333.59375|794801.875|187|737.5|30|66|NA|0
"465"|2020|"Schleswig-Holstein"|"SH"|8198.19140625|9544.2021484375|260684.984375|803472.0625|70|737.5|10|30|NA|0
"466"|1990|"Thuringia"|"TH"|2085.689453125|5626.89208984375|NA|289533.09375|11|708|7|51|1|1
"467"|1991|"Thuringia"|"TH"|2732.09399414062|7724.80078125|NA|596092.625|184|804|32|67|NA|0
"468"|1992|"Thuringia"|"TH"|3641.46801757812|7615.1279296875|NA|578510.8125|192|805|30|61|NA|0
"469"|1993|"Thuringia"|"TH"|3484.46459960938|7371.4208984375|NA|571562.875|206|805|31|71|NA|0
"470"|1994|"Thuringia"|"TH"|4854.50146484375|7181.6416015625|NA|544859.9375|124|804|26|53|0.359550565481186|1
"471"|1995|"Thuringia"|"TH"|5018.53076171875|7375.26611328125|NA|525876.625|152|717|23|68|NA|0
"472"|1996|"Thuringia"|"TH"|5116.01611328125|7592.11328125|NA|535703.25|129|717|22|71|NA|0
"473"|1997|"Thuringia"|"TH"|5017.1240234375|7618.31494140625|NA|517189.5625|129|717|20|62|NA|0
"474"|1998|"Thuringia"|"TH"|4972.27099609375|7978.732421875|87442.484375|523400.4375|135|717|19|51|NA|0
"475"|1999|"Thuringia"|"TH"|5093.88134765625|8353.912109375|89483.140625|545691.0625|104|759|16|65|0.295454531908035|1
"476"|2000|"Thuringia"|"TH"|5139.298828125|8263.859375|98041.5859375|541028.8125|144|759|28|62|NA|0
"477"|2001|"Thuringia"|"TH"|5184.51513671875|8281.046875|85209.109375|532329|122|760|19|69|NA|0
"478"|2002|"Thuringia"|"TH"|5228.0146484375|8326.876953125|87073.5234375|572880.125|131|759|22|60|NA|0
"479"|2003|"Thuringia"|"TH"|5285.43701171875|8394.01171875|89894.546875|558860.8125|129|664|21|67|NA|0
"480"|2004|"Thuringia"|"TH"|5198.2802734375|8255.5947265625|88537.1953125|550106.625|104|664|18|65|0.329545468091965|1
"481"|2005|"Thuringia"|"TH"|5119.8837890625|8131.09033203125|160860.046875|538589.1875|136|664|22|47|NA|0
"482"|2006|"Thuringia"|"TH"|5093.48193359375|8001.1416015625|146153.265625|545197.3125|129|715|21|65|NA|0
"483"|2007|"Thuringia"|"TH"|5039.54248046875|7822.54443359375|152402.859375|562149.9375|120|715|23|60|NA|0
"484"|2008|"Thuringia"|"TH"|5016.59423828125|7985.85400390625|150199.6875|563367.25|127|716|25|63|NA|0
"485"|2009|"Thuringia"|"TH"|5000.271484375|8316.703125|161376.90625|580668.9375|90|715|19|49|0.295454531908035|1
"486"|2010|"Thuringia"|"TH"|5005.9765625|8227.4677734375|173717.15625|576511.5|127|754|32|69|NA|0
"487"|2011|"Thuringia"|"TH"|5013.529296875|8054.6220703125|169302.5|566521.3125|132|754|34|68|NA|0
"488"|2012|"Thuringia"|"TH"|5028.486328125|8197.734375|197302.46875|566666.625|130|754|32|65|NA|0
"489"|2013|"Thuringia"|"TH"|5031.37060546875|8377.6650390625|184944.171875|560786.1875|123|754|33|44|NA|0
"490"|2014|"Thuringia"|"TH"|5055.51806640625|8502.009765625|249255.734375|568139.4375|82|737.5|26|71|0.375|1
"491"|2015|"Thuringia"|"TH"|5196.240234375|9082|250338.46875|587290|144|737.5|35|70|NA|0
"492"|2016|"Thuringia"|"TH"|5330.66650390625|9158.810546875|207147.1875|617533.4375|138|737.5|32|64|NA|0
"493"|2017|"Thuringia"|"TH"|5404.58837890625|9249.4853515625|240966.390625|565313.6875|144|737.5|35|40|NA|0
"494"|2018|"Thuringia"|"TH"|5417.0810546875|9307.3310546875|217286.875|737850.8125|153|737.5|30|67|NA|0
"495"|2019|"Thuringia"|"TH"|5510.7880859375|9431.970703125|264756.75|794801.875|153|737.5|30|66|0.439560443162918|1
"496"|2020|"Thuringia"|"TH"|5662.90576171875|9544.2021484375|278139.5625|803472.0625|25|737.5|3|30|NA|0
"497"|1990|"Bundesrepublik"|"BE"|5626.89208984375|5626.89208984375|289533.09375|289533.09375|708|708|51|51|1|1
"498"|1991|"Bundesrepublik"|"BE"|7724.80078125|7724.80078125|596092.625|596092.625|804|804|67|67|NA|0
"499"|1992|"Bundesrepublik"|"BE"|7615.1279296875|7615.1279296875|578510.8125|578510.8125|805|805|61|61|NA|0
"500"|1993|"Bundesrepublik"|"BE"|7371.4208984375|7371.4208984375|571562.875|571562.875|805|805|71|71|NA|0
"501"|1994|"Bundesrepublik"|"BE"|7181.6416015625|7181.6416015625|544859.9375|544859.9375|804|804|53|53|NA|0
"502"|1995|"Bundesrepublik"|"BE"|7375.26611328125|7375.26611328125|525876.625|525876.625|717|717|68|68|0.531120359897614|1
"503"|1996|"Bundesrepublik"|"BE"|7592.11328125|7592.11328125|535703.25|535703.25|717|717|71|71|NA|0
"504"|1997|"Bundesrepublik"|"BE"|7618.31494140625|7618.31494140625|517189.5625|517189.5625|717|717|62|62|NA|0
"505"|1998|"Bundesrepublik"|"BE"|7978.732421875|7978.732421875|523400.4375|523400.4375|717|717|51|51|NA|0
"506"|1999|"Bundesrepublik"|"BE"|8353.912109375|8353.912109375|545691.0625|545691.0625|759|759|65|65|0.441747575998306|1
"507"|2000|"Bundesrepublik"|"BE"|8263.859375|8263.859375|541028.8125|541028.8125|759|759|62|62|NA|0
"508"|2001|"Bundesrepublik"|"BE"|8281.046875|8281.046875|532329|532329|760|760|69|69|0.42011833190918|1
"509"|2002|"Bundesrepublik"|"BE"|8326.876953125|8326.876953125|572880.125|572880.125|759|759|60|60|NA|0
"510"|2003|"Bundesrepublik"|"BE"|8394.01171875|8394.01171875|558860.8125|558860.8125|664|664|67|67|NA|0
"511"|2004|"Bundesrepublik"|"BE"|8255.5947265625|8255.5947265625|550106.625|550106.625|664|664|65|65|NA|0
"512"|2005|"Bundesrepublik"|"BE"|8131.09033203125|8131.09033203125|538589.1875|538589.1875|664|664|47|47|NA|0
"513"|2006|"Bundesrepublik"|"BE"|8001.1416015625|8001.1416015625|545197.3125|545197.3125|715|715|65|65|0.347517728805542|1
"514"|2007|"Bundesrepublik"|"BE"|7822.54443359375|7822.54443359375|562149.9375|562149.9375|715|715|60|60|NA|0
"515"|2008|"Bundesrepublik"|"BE"|7985.85400390625|7985.85400390625|563367.25|563367.25|716|716|63|63|NA|0
"516"|2009|"Bundesrepublik"|"BE"|8316.703125|8316.703125|580668.9375|580668.9375|715|715|49|49|NA|0
"517"|2010|"Bundesrepublik"|"BE"|8227.4677734375|8227.4677734375|576511.5|576511.5|754|754|69|69|NA|0
"518"|2011|"Bundesrepublik"|"BE"|8054.6220703125|8054.6220703125|566521.3125|566521.3125|754|754|68|68|0.416107386350632|1
"519"|2012|"Bundesrepublik"|"BE"|8197.734375|8197.734375|566666.625|566666.625|754|754|65|65|NA|0
"520"|2013|"Bundesrepublik"|"BE"|8377.6650390625|8377.6650390625|560786.1875|560786.1875|754|754|44|44|NA|0
"521"|2014|"Bundesrepublik"|"BE"|8502.009765625|8502.009765625|568139.4375|568139.4375|737.5|737.5|71|71|NA|0
"522"|2015|"Bundesrepublik"|"BE"|9082|9082|587290|587290|737.5|737.5|70|70|NA|0
"523"|2016|"Bundesrepublik"|"BE"|9158.810546875|9158.810546875|617533.4375|617533.4375|737.5|737.5|64|64|0.422818779945374|1
"524"|2017|"Bundesrepublik"|"BE"|9249.4853515625|9249.4853515625|565313.6875|565313.6875|737.5|737.5|40|40|NA|0
"525"|2018|"Bundesrepublik"|"BE"|9307.3310546875|9307.3310546875|737850.8125|737850.8125|737.5|737.5|67|67|NA|0
"526"|2019|"Bundesrepublik"|"BE"|9431.970703125|9431.970703125|794801.875|794801.875|737.5|737.5|66|66|NA|0
"527"|2020|"Bundesrepublik"|"BE"|9544.2021484375|9544.2021484375|803472.0625|803472.0625|737.5|737.5|30|30|NA|0
